600
400
200
111111111111111111111111111111
100000000000000000000000000001
000000000000000000000000000000
000000000000000000000000000000
100000000100000000001000000001
100000000100000000001000000001
100000000100000000001000000001
100000000100000000001000000001
100000000100000000001000000001
100000000100000000001000000001
100000000100000000001000000001
100000000100000000001000000001
100000000100000000001000000001
100000000100000000001000000001
100000000100000000001000000001
100000000100000000001000000001
000000000000000000000000000000
000000000000000000000000000000
100000000000000000000000000001
111111111111111111111111111111